...Wave Drag Slice...
Inlet Area: 0.000000
Exit Area: 0.000000

Theta:   0.00, Start:   0.07, End:   1.52
         0.00000000,          0.00000000
         0.05263158,          0.00000000
         0.10526316,          0.00000000
         0.15789474,          0.01641485
         0.21052632,          0.05300542
         0.26315789,          0.03920484
         0.31578947,          0.01234898
         0.36842105,          0.00008053
         0.42105263,          0.00000000
         0.47368421,          0.00000000
         0.52631579,          0.00000000
         0.57894737,          0.00000000
         0.63157895,          0.00000000
         0.68421053,          0.00003490
         0.73684211,          0.00176061
         0.78947368,          0.00334957
         0.84210526,          0.00597451
         0.89473684,          0.00617355
         0.94736842,          0.00266645
         1.00000000,          0.00000056

Theta:  20.00, Start:  -0.14, End:   1.65
         0.00000000,          0.00000427
         0.05263158,          0.00427462
         0.10526316,          0.00776723
         0.15789474,          0.00867733
         0.21052632,          0.00949776
         0.26315789,          0.01035228
         0.31578947,          0.01260264
         0.36842105,          0.01450135
         0.42105263,          0.01421058
         0.47368421,          0.01205327
         0.52631579,          0.00454953
         0.57894737,          0.00008004
         0.63157895,          0.00000000
         0.68421053,          0.00017707
         0.73684211,          0.00270475
         0.78947368,          0.00778082
         0.84210526,          0.00283200
         0.89473684,          0.00162362
         0.94736842,          0.00098233
         1.00000000,          0.00000015

Theta:  40.00, Start:  -0.49, End:   1.76
         0.00000000,          0.00000382
         0.05263158,          0.00307397
         0.10526316,          0.00455252
         0.15789474,          0.00488210
         0.21052632,          0.00522539
         0.26315789,          0.00557890
         0.31578947,          0.00594566
         0.36842105,          0.00632269
         0.42105263,          0.00708986
         0.47368421,          0.00750386
         0.52631579,          0.00706862
         0.57894737,          0.00653838
         0.63157895,          0.00602784
         0.68421053,          0.00554157
         0.73684211,          0.00799812
         0.78947368,          0.00454575
         0.84210526,          0.00143497
         0.89473684,          0.00118329
         0.94736842,          0.00092880
         1.00000000,          0.00000010

Theta:  60.00, Start:  -0.73, End:   1.84
         0.00000000,          0.00000303
         0.05263158,          0.00262878
         0.10526316,          0.00348975
         0.15789474,          0.00371238
         0.21052632,          0.00394210
         0.26315789,          0.00417934
         0.31578947,          0.00442274
         0.36842105,          0.00467383
         0.42105263,          0.00493193
         0.47368421,          0.00532373
         0.52631579,          0.00543602
         0.57894737,          0.00512880
         0.63157895,          0.00481923
         0.68421053,          0.00452091
         0.73684211,          0.00775215
         0.78947368,          0.00745554
         0.84210526,          0.00432584
         0.89473684,          0.00125720
         0.94736842,          0.00080258
         1.00000000,          0.00000008

Theta:  80.00, Start:  -0.83, End:   1.87
         0.00000000,          0.00000135
         0.05263158,          0.00243588
         0.10526316,          0.00313152
         0.15789474,          0.00332103
         0.21052632,          0.00351617
         0.26315789,          0.00371721
         0.31578947,          0.00392359
         0.36842105,          0.00413608
         0.42105263,          0.00435394
         0.47368421,          0.00458846
         0.52631579,          0.00473474
         0.57894737,          0.00455518
         0.63157895,          0.00431151
         0.68421053,          0.00494329
         0.73684211,          0.00688053
         0.78947368,          0.00791616
         0.84210526,          0.00447534
         0.89473684,          0.00409104
         0.94736842,          0.00134476
         1.00000000,          0.00000008

Theta: 100.00, Start:  -0.79, End:   1.86
         0.00000000,          0.00000131
         0.05263158,          0.00240937
         0.10526316,          0.00318461
         0.15789474,          0.00337663
         0.21052632,          0.00357452
         0.26315789,          0.00377793
         0.31578947,          0.00398745
         0.36842105,          0.00420232
         0.42105263,          0.00442333
         0.47368421,          0.00462509
         0.52631579,          0.00467359
         0.57894737,          0.00449776
         0.63157895,          0.00426740
         0.68421053,          0.00538817
         0.73684211,          0.00693480
         0.78947368,          0.00751053
         0.84210526,          0.00454219
         0.89473684,          0.00409766
         0.94736842,          0.00237696
         1.00000000,          0.00000008

Theta: 120.00, Start:  -0.60, End:   1.79
         0.00000000,          0.00000268
         0.05263158,          0.00253599
         0.10526316,          0.00368694
         0.15789474,          0.00392039
         0.21052632,          0.00416151
         0.26315789,          0.00440912
         0.31578947,          0.00466544
         0.36842105,          0.00492778
         0.42105263,          0.00519817
         0.47368421,          0.00529431
         0.52631579,          0.00517704
         0.57894737,          0.00492917
         0.63157895,          0.00467111
         0.68421053,          0.00576313
         0.73684211,          0.00781164
         0.78947368,          0.00722392
         0.84210526,          0.00609541
         0.89473684,          0.00431905
         0.94736842,          0.00154245
         1.00000000,          0.00000008

Theta: 140.00, Start:  -0.29, End:   1.70
         0.00000000,          0.00000484
         0.05263158,          0.00289827
         0.10526316,          0.00505536
         0.15789474,          0.00546946
         0.21052632,          0.00585335
         0.26315789,          0.00625070
         0.31578947,          0.00666142
         0.36842105,          0.00708716
         0.42105263,          0.00709644
         0.47368421,          0.00682050
         0.52631579,          0.00646258
         0.57894737,          0.00609317
         0.63157895,          0.00573586
         0.68421053,          0.00542482
         0.73684211,          0.01041172
         0.78947368,          0.00797755
         0.84210526,          0.00486529
         0.89473684,          0.00209400
         0.94736842,          0.00080005
         1.00000000,          0.00000010

Theta: 160.00, Start:  -0.12, End:   1.64
         0.00000000,          0.00000000
         0.05263158,          0.00000000
         0.10526316,          0.00000000
         0.15789474,          0.00261704
         0.21052632,          0.00840087
         0.26315789,          0.01144523
         0.31578947,          0.01284839
         0.36842105,          0.01331278
         0.42105263,          0.01240031
         0.47368421,          0.01128874
         0.52631579,          0.01026041
         0.57894737,          0.00929453
         0.63157895,          0.00681850
         0.68421053,          0.00201549
         0.73684211,          0.00585478
         0.78947368,          0.00561186
         0.84210526,          0.00295650
         0.89473684,          0.00230337
         0.94736842,          0.00068401
         1.00000000,          0.00000009

Theta: 180.00, Start:  -0.13, End:   1.65
         0.00000000,          0.00000000
         0.05263158,          0.00000000
         0.10526316,          0.00000000
         0.15789474,          0.00000000
         0.21052632,          0.00000000
         0.26315789,          0.00000000
         0.31578947,          0.00000000
         0.36842105,          0.03897439
         0.42105263,          0.04819004
         0.47368421,          0.01819750
         0.52631579,          0.00000000
         0.57894737,          0.00000000
         0.63157895,          0.00000000
         0.68421053,          0.00000000
         0.73684211,          0.00442245
         0.78947368,          0.00755418
         0.84210526,          0.00317686
         0.89473684,          0.00091071
         0.94736842,          0.00055580
         1.00000000,          0.00000008

CDWave:          0.00036178 
Mach:          1.50000000 
Set Name: All 
